100014756
100022513
100022795
100031405
100036738
100058635
100073084
100075093
100076457
100094762
100110794
100112070
100112779
100114414
100121590
100140061
100146314
100164732
1001707
100171233
100176419
100179144
100183608
100211830
100212809
100213955
100247732
100256849
100261182
100268421
100289917
10029139
100293116
100310674
10031528
100322225
100326566
100329603
100368294
100371582
10038587
100424208
100439566
100454949
100456028
10047481
10053537
100543263
100551544
10055304
10055317
100554558
100570214
100572495
100576625
100589589
100634507
100660281
100673378
100679735
100689236
100699621
100699909
10070648
100715671
100719209
100736785
100739273
100764607
100772220
100781485
100788568
10081466
100839322
100855820
1008870
100900329
100901664
100907451
100911467
100945241
100954737
100973258
100981086
101008138
101010463
101025770
101028248
101033549
101034881
101039105
10104987
101059287
101068112
101068291
101097573
101100724
101101339
101111532
101135329
101135647
101142385
101148250
101181234
101188991
101209990
101236776
101237735
101276517
101285087
101295582
101296240
101335176
101338835
101343825
101357625
101372973
10139887
101406373
101447841
10146198
10147559
101510566
10151584
101523507
101524220
101553695
101570788
101571478
101575627
101587570
101613012
101650089
101659505
101673063
101675574
101689972
101703391
101712435
101732381
101737065
101751020
101759904
1017622
101764626
101770415
101801629
101808119
101821448
101822806
101861369
101861708
101868746
101876830
101881032
101893207
101893817
101920679
101925621
101926940
101934465
101954510
101955475
101955831
101960751
101977649
101981437
101982129
101991833
101998375
101999147
102020621
102041361
102062853
10207907
102090600
102096053
102100388
102104634
10210709
102115259
102123146
102147802
102148525
102155970
102165465
102175750
102182796
102197653
102211261
102212513
102212715
102226024
102229178
102287533
102312382
102332975
102346403
1023558
102367955
10237539
102375544
102382857
102384012
102393816
102411049
102411295
102438554
102458764
102482295
102492252
10249768
102499982
102504471
102506684
102529291
102621088
102657363
102679803
102684987
102689596
102695192
102696987
102700496
102711872
102714608
102721378
10272513
102726502
102737187
102743010
102743666
102744952
102761946
1027626
102764619
102780259
102782588
102788383
102799741
10281461
102829090
102838333
102857568
10286090
102921439
102933198
102941539
102942038
102974850
102976052
102991428
103020279
103045421
103059028
103064485
103085001
103114172
103121345
103151112
103160095
103167307
103188393
103193588
103208648
103228540
103238455
103241183
103241954
103253059
103266000
103291457
103298536
103299356
103300577
103316872
103339321
103348019
103351287
1033896
103412717
103425303
103426053
103444040
103464835
103466242
103467877
103482353
10349957
10350270
103513159
103526501
103541652
103550913
103554736
103600938
103624059
103634139
103634474
103653426
103655705
103663126
103669711
103686064
103701413
103702074
103706057
103724384
103742241
103747888
103748797
103760660
103761429
103774521
103796501
103872466
103920005
103922137
103925962
103943692
103957530
103962873
103969132
103975314
103995388
104019648
10404201
104046900
1040892
104090991
104102895
10410418
104119687
10415858
104168764
1042935
104303378
104303758
104304235
104323221
104361779
104376846
104383253
104386046
104392067
104392724
104410718
104414180
104418174
104455138
104497583
104512968
104529732
104531516
104543990
104560110
104560325
104564979
104565780
104568145
104577182
104588677
10461291
104615163
104622423
104634409
104635879
104661914
104669572
104670364
104682831
104709581
10471066
104770557
104771014
104772634
104773093
104786700
104803851
104810721
104841708
104849335
104859039
104881724
104891848
104891987
104892683
104940488
104967430
104996540
105010896
1050250
105031233
105050448
105056086
105058907
105071964
105080646
105099621
105100646
105143440
105153368
105158239
105181314
105195383
105196966
105199975
10520020
105200380
105200867
105202265
10520785
105218865
105220768
105261505
105266148
105267575
105291484
10529985
105316152
105321705
10534100
105345142
1053509
105359649
105364881
105373655
105383909
105390207
105409637
105412904
105417224
105425041
105425114
105431298
105431686
105431770
105439382
10549716
105500708
105512819
105513020
105513316
105525853
105528616
105528903
105530949
10553800
105557825
105560072
105568389
105603762
105615373
1056361
10565950
105675704
105691109
105719005
105737977
105740779
105767002
105778967
10579674
105805221
105838305
105854400
105858242
105864867
105878476
105940851
105950688
105952260
105970962
10599339
105998397
105999943
106042420
106067270
106078250
106080951
106096921
106105995
106126902
106144107
106186173
106210007
106212242
106218649
106234362
106239078
10624647
106264374
106264780
106277262
106296168
106318683
106323028
106329860
106357437
106360702
106386263
1064331
106462211
106473961
106479107
106479971
106484797
106484878
106488619
106490158
106504393
106507776
106562636
106576895
106613402
106651590
106678728
106703736
106733895
1067390
106760980
106763097
106769909
106783016
106840813
106894987
106900965
106903356
106939579
106956436
106966217
106969708
10697611
106990912
106990939
106993699
107009989
107014125
107022033
107024477
107032793
107035319
107048250
107054952
107058195
10710762
107109201
107123830
107126294
107131173
107131354
107140956
107163258
107194118
107194704
107206590
107211105
107219313
107220228
107228987
107269463
107282532
107290265
107324500
107328166
107338034
10735808
107368671
107372875
107390735
107393031
10741729
1074226
107429460
10746592
107473320
107474719
107479712
107481928
107495962
107508065
107508914
107510453
10751658
107517017
107537238
107542981
107545550
10756625
107577391
107580554
107606206
10763222
107642842
107650965
1076545
107667652
107673017
107691266
107701845
107705620
107733498
107738345
107743617
107743633
107771019
107785358
107789990
107791220
107798502
107802336
107808763
107828376
107842938
10784467
107850530
107851091
107856398
107863206
107866501
107876999
107877583
107879987
107886518
107914748
107926437
107948213
107962946
107966330
107983684
108000569
108000958
10801251
108027108
108028927
108030981
108042430
108049615
10805944
108091505
108101748
108124253
108149513
108161523
108204131
108222861
108237848
108239977
108259909
108273043
108277029
108283616
108283906
108308935
108310993
108318908
10831964
10837425
108374266
108381234
108383411
108400453
108408255
108423858
108426355
108430412
108431897
108437297
108453779
108493335
108500427
108518918
108519036
108538505
108565177
108566608
108569381
108594053
108597092
108604172
108611714
108615516
108623128
108646231
108675325
108676682
108700276
108706810
108711174
10871782
108726927
108732070
108735864
108768391
108780243
108801003
108836330
108838848
10886351
108866552
1088688
108875901
108885915
10890725
108923111
108925448
108935333
108944739
108947513
108949633
108979670
108984073
109002193
109032631
109040496
10904782
109052005
109059613
109068679
109090637
109090731
10909905
109104663
109108638
109122076
109145500
10914712
109159794
109174939
109180409
109210338
109217786
109232462
109277485
109304751
109326585
109337004
109347031
109351953
109352227
109355858
109359671
109361640
109362723
10936405
109369720
109400999
109442987
109453513
109464365
109474226
109482113
109488985
109489219
109498494
109500349
109515860
109518837
109523284
109536998
109555384
109606491
109639192
109642388
109657786
109666404
109684252
109688356
109694257
109706459
109727732
109750310
10977473
109802105
109802727
109815851
109819359
109823359
109825609
109833155
109857359
109867332
10989401
109926528
109927133
109957388
10997935
109982292
110017290
110033854
110037626
110041714
11005406
110054445
110071523
110076002
110089356
110108245
110132331
110159765
110164603
11017815
110192908
110193997
110212223
110233849
110242509
110247084
110250938
110265812
110271976
110273089
110277324
110279640
110318666
110320095
110325188
110339536
110362834
110374599
110388596
110403987
110420140
110422419
110425787
110437472
110468225
110488779
110497374
110513785
11051465
110522524
110566210
110590202
110594325
110594657
110595397
110596745
110622481
110632475
11067605
110679472
110696923
110716854
110718384
110728476
110734533
11073793
110774856
110784641
110796363
110805144
110829151
110840041
110841953
110848208
110850504
110857935
110858443
110876918
110896346
110910177
110923504
110935101
11093902
110961393
110989921
11099815
111049040
111058701
111063096
111083622
111092507
111099795
111105453
11114501
111179934
11118619
111187439
111201361
111205371
111207907
11121474
111239771
111262060
111289035
111325472
111326691
111346462
111351366
111366157
111378577
111385958
111410233
111418639
111491237
111492575
111509432
111516163
111553769
111580712
111594100
111598421
111603172
111605397
111625873
111667443
111671760
111692603
111698341
111714211
111715019
111725279
111736993
111745354
11175279
111763897
111765574
111780160
111802084
111815859
111835408
111849931
11186866
111886329
11189105
111935471
111937065
111952285
11197176
112009635
112037788
112047663
112061178
112079437
112083774
112124836
112148363
112156434
112183973
112188013
11219229
112193134
112216044
112217257
112225904
112233141
112235322
112271829
11227460
112286292
112302007
112302017
112344371
112395286
112406425
112415278
112420330
112428019
112442119
112462747
112487125
112533984
112548251
112548883
112568846
112576684
112604594
112618249
112624474
112631165
112633978
112635892
112660193
112728234
112730165
112736973
112748890
112754870
112761389
112763505
11277922
112799347
112800294
112808596
112809032
112818140
112863806
112887316
112928272
112932738
112933699
112941345
112947025
112970519
112975795
112978435
112982989
112989698
112991940
112994827
113057271
113063428
113084604
113113004
113127492
11313128
113136221
113143246
113143859
113147579
11315157
113158405
113161268
113186488
113194695
113209486
113211683
113213086
113221238
113239449
113281261
11328515
113292939
113299650
113299928
113305289
11330956
113321309
11334621
113351815
113355385
113360962
113377196
113391797
113395505
113407078
113432951
113443146
113450889
113455084
113479902
113483179
113497293
113544988
113547467
113559597
113560758
113582757
113587342
113592098
11359518
113609599
113637896
113657908
113662130
113671708
113695117
11371458
113719350
113726035
113730629
113750678
11375579
113777396
113780117
113791848
113795499
113820557
113854823
113859123
113877580
113893679
113894973
113896335
113935598
113941171
113947731
113970599
114036937
114037562
114058541
114084403
114085108
114093476
114118982
114125718
114132973
114135365
114159491
114166965
114172141
11417461
114183097
114189090
114190937
114197535
114204430
114221936
114222943
114224116
114254365
114255327
114257431
114269602
114273462
114281565
114281806
114283742
114303319
11431605
114320730
114336722
114346219
114352070
114354964
114354978
114367860
1143730
114395653
114407780
114410186
114411836
114425805
1144286
11443235
114445823
11444718
114472199
114488216
114497655
114541484
114556011
114575541
114584194
114593392
114594263
114605521
114605620
11460877
114644257
114644440
114652699
114656315
114672900
114678213
114694253
114711718
114719558
114719627
114726739
114728469
114740594
11474520
114749799
114773667
114780464
114803081
114822510
11484207
11485096
114853491
114859130
114873654
114885238
114887988
114890353
114903766
114912924
114920191
114929525
114936167
114939229
114949116
114979206
11499417
114999744
115028333
115036475
115037905
115044118
115100866
115130400
115149767
115163806
115167538
115199371
115201981
115210637
11521732
115232626
115270456
115285551
115292190
115295631
115302478
115303272
115312970
115315519
115332996
11535404
115403250
115409546
115417283
115445283
115450037
115454693
115467314
115476927
115479287
115496065
115505858
115506710
115509823
115519826
115542514
115550205
115562894
11556908
115573107
115577187
115581277
115607947
115609030
115633523
1156473
115711412
11571473
115715184
11574951
115798884
115814132
115821604
11583731
115843078
11584887
11585295
115856064
115867575
115888024
115900292
115908019
115913371
115920114
115947097
11594957
115950484
115965957
115971384
115977111
115981262
115983421
115988113
116006674
116020904
116033573
116036613
116045466
116056493
11606354
116082939
116084393
116095674
116106398
116110298
116120712
116147324
116180088
116185036
116187395
116225160
116258080
116302035
116346988
116357641
116372262
116379484
11638069
116401964
116403499
116405123
116407632
116413998
116418712
116424989
116449081
116453029
116459056
116476441
116486348
116495042
116499032
116500279
116500667
116510616
1165338
116548791
116557044
116557679
116558926
116566550
116568644
116571466
116576143
116583779
116590113
116632562
116634436
116641691
11664310
116655732
116657066
116661055
116662489
116671529
116688317
116691510
11675940
116761149
116764629
116768804
116772930
116780169
116782939
116794851
116795315
116806409
116820409
116824384
116830510
11685194
116854982
116905978
116906904
11691461
116920321
116923816
116937648
116944704
116967885
116970108
116985016
116989241
117014579
117031145
117046521
11705513
117058802
117065025
11706685
117106172
117121471
117143145
117143651
117144216
117157065
117163742
117190540
117233589
117237865
117277103
117293037
117308359
117338660
117359772
117368135
117374212
117378863
117439548
117460848
117470452
117488360
117489070
117523753
117535741
117545231
117546653
117549219
117552334
117578798
117580921
117592613
117595647
117604582
117621820
11762464
117639341
117662058
117663229
117683594
117711807
117714678
117724096
117748059
117764568
117788466
117801742
117820011
117827012
117833153
117848028
117849263
117859770
117861263
117883202
117897755
117898223
117902534
117909781
117910343
117916111
117965873
117974829
117975889
117982961
117985011
118011354
11801279
118013673
118019357
118033983
118036942
118047715
118050149
118067791
118112296
118117975
118140577
118142143
118142258
118169472
118197087
118198045
118209579
118226346
118238375
11827062
118301168
118346559
118352761
11837009
118390636
118390819
118400837
118409971
118420067
118443223
118488557
118500072
118512027
118539273
118558125
118558480
118563040
118563224
118580080
118591802
118595718
118597588
118603365
118611432
118622465
118625238
118625905
118628409
118632773
118648150
11864903
118652893
1186691
11869567
118699945
118701490
118701616
118709512
118714016
1187238
118728296
118742520
118745729
118790765
118800259
118825889
118828178
118828623
11887566
118899302
118901681
118911942
118918181
11892255
11892898
118929027
11892994
118967192
118974630
118982632
119026071
119078737
119093325
119131148
119132467
119198255
119205986
119214936
119235767
11925916
119264992
11926956
119276116
119284319
119294931
119330600
119349038
119370179
119390270
119394765
11940579
119414093
119417825
119420069
119449163
119449918
119449944
119461584
119474010
119490278
119510685
119525203
119576056
11960847
119608608
119613283
119621996
119628241
119628427
119630317
119634456
119635601
119680816
11970205
119702401
119707258
119707610
119737948
119745598
119760989
119778436
119829822
119859365
119889465
119897892
119899708
119905769
119914664
119935459
119938369
119943241
119948840
119949040
119962907
11996708
12000507
120010802
120024485
120052330
120059346
120063317
120065811
120083395
120095637
120131293
12013545
120140291
120161973
120169453
120169645
120182336
120187810
120198151
120210449
120213174
120226592
120228731
120258671
120264261
12027609
120284895
120343656
120378357
12038457
120388817
120402855
120403020
120408978
120431492
120435097
120438029
120458405
120480241
12048172
120484940
120500730
120509110
120525235
120527330
120532813
120537106
120571369
12057600
120595900
120596976
12060279
120604262
120607401
12060780
120633779
120659682
120664599
120671311
120672340
120672595
120675225
120680358
120682506
120690308
120725407
120726550
120731896
120735848
120736960
120738063
120752720
12075542
120766130
120776088
120784777
120795688
120830652
120841111
120849054
120855917
120859758
120882680
120888424
120891815
120898353
120904270
120911325
12092954
120933615
120962167
120966493
120971329
121013343
12102782
121047127
121069388
121070317
121071377
121094926
121111417
121149156
121187853
121193655
121194621
121195601
121197997
121208213
121215612
121222699
121228590
121251549
121265866
121300305
1213057
121310717
121320202
121323018
121327817
121340861
121360398
121363800
121365900
121374760
121374933
121393413
121420532
121446069
121447229
121472075
121472563
121476366
12149154
121506246
121511157
121516655
121532713
121545499
121548999
121552946
121571277
121600007
121605394
12161548
121621363
121621554
121624517
121637618
121639326
121641264
121667974
121673341
121687772
121717836
121758009
12176244
121776645
121778868
121781335
121800511
121811506
121853494
121872216
121887994
121925800
121926844
121928205
121967003
121971087
121976447
122032519
122037596
122060668
122062113
122081043
122088660
122090253
122090409
12210827
122126498
12213143
122131736
122141527
122161280
122162274
122178945
122202311
122224513
122257243
122268898
12228804
122289521
122331001
122334372
122347590
122352325
12236312
122364450
122369332
122373269
122374396
122420696
122432429
122440572
122461063
122461842
122473970
122475253
122532985
122537025
122538615
122542268
122545360
122552791
122556496
122583881
122587708
122588387
122603773
122619975
122622680
122626233
122631631
122632113
122639463
122648349
122650600
122655428
122656499
122663988
12269523
122695388
122704680
122706044
122714235
122721850
122740238
122762182
122782302
122787388
122794700
12280231
122827676
122841506
12284845
122869892
122874650
122894123
122920811
122944530
122948036
122950347
12298401
122995738
123001606
123005862
123013331
123013882
123017550
123020175
123025291
123031780
123051004
123053379
123101323
123115860
123141066
123156384
123202801
123227510
12323356
123242164
12326391
123275930
123278459
123281154
12329292
123320271
123328184
123337404
123339854
123340840
123345058
123361340
123404554
123424547
1234370
123449713
123451185
123478667
123484943
123485466
123488278
123490960
123520556
123521589
12352926
123536417
12356678
123575075
123585581
123587907
123588102
123591416
123603693
123614429
123614847
123621463
123642365
123675556
123700488
1237312
12373803
123742110
123761088
123765725
123783088
123798968
123800145
123814396
123819670
123826131
123834745
123857760
123862943
12386577
123888602
123900342
123909054
123968436
123984826
123990518
12399556
124012044
124021344
124024944
124027686
124040128
124042026
12404943
124053750
124116992
124167000
124169015
124171542
124173599
124173840
124176738
124183239
124224785
124225320
124244465
124247158
124269392
124275125
124286987
124304480
124319870
124322312
124323186
124329270
124343016
124352563
124355781
124359234
124390412
124421490
124430073
124434550
124438010
124441327
124447919
124449665
124456938
124466092
124471795
124481847
124510488
124530857
124540340
124558693
124559448
124565387
124568603
124581656
124590021
124614199
124624696
124639382
124639503
124648234
124673920
124686576
124697770
124706263
124717738
124743824
124761589
124770568
124782737
124786576
124789729
124792007
124829509
124843482
124856008
124857404
124885311
124891148
124909684
124918111
124926491
124932641
12504005
125040946
125056575
125071930
125072890
125084529
125086882
125093067
125104557
12510618
125109371
125117302
125117551
125123122
125133592
125134076
12513470
125170862
125178818
125190441
125195837
12521330
125220725
125247359
125250662
125250972
125300670
125304289
125311481
125312747
125415086
125422709
12543741
125443728
125455469
125470535
125492153
125518888
125532825
125541677
125543364
12556435
125564900
125567994
125573135
125604603
125615959
125623046
125627237
125634578
125635006
125647093
125652099
125656626
125696232
125703971
125713492
12572107
125736325
125757503
125788856
125793698
125809408
125819717
125826318
125828584
125830256
125847479
125850731
12585110
125856347
125877994
12590563
125920917
12592427
125945783
125954406
1259623
125968699
125992766
126043898
126054140
126082433
12608436
126096623
126101172
126127512
126147556
126151021
126155318
126160308
126218648
126229065
126244438
126248485
126269661
126290391
12631447
12632816
12633543
126368119
126372016
126380492
126380757
126382145
126398497
126424662
126434645
126453933
126458188
126459850
126460283
126486106
126501325
126503281
126536985
126543436
126590304
126601909
126603266
126611400
126627380
126629557
1266327
126632739
126696594
126704657
126723042
126724370
126745464
126763526
126780003
126801060
126808590
126814277
126838835
126858545
126859000
126958109
126968590
126974880
126975553
126990673
126992775
127003110
127009117
127009850
127027436
127042682
12704377
127091300
127097416
127098592
127107167
127113842
127116214
127156383
127171043
127180218
127189529
12720611
127219944
12722132
127228302
127229722
127232147
127235769
12725240
127286952
127298242
127302843
127303785
127311714
127320840
12732146
127330714
127332408
12737165
12737199
127373474
127383094
127423663
127428226
127437161
127488859
127501729
127510370
127513637
127525011
127531045
127539766
127546251
127577570
127579903
127581031
127583067
127600731
127609734
127624061
127663526
127665610
12766784
127698496
127726521
127750520
127753099
127765808
12779464
127795025
127798789
127802880
12781227
127813943
127829162
127837164
127845416
127873847
127929103
127942702
127951201
127960021
127992957
128004624
128007153
128030601
128035383
128036736
128038357
128044065
1280538
128059239
128069985
128078712
128080561
128080625
128080796
128094449
128107871
128107897
128132237
128143236
128168805
128172750
128185337
128225928
128250525
128266447
12828241
128341590
128366862
128378444
128379477
128382978
128398192
128398335
128399640
128412485
128440836
128451387
128458555
12846167
128463
128476824
128480499
128519833
128521627
128523088
128532381
12853815
128552991
128575721
128580091
128587673
128589161
128601539
128604627
128616587
128630759
128649752
128669773
128707539
128716151
128732566
128749520
128777466
128779283
128781332
128818870
128825158
128861137
128871612
128906869
128936809
128943871
128948552
128954683
128963825
128973314
12897900
129002480
129006172
129007757
129022180
129023671
129028043
129049292
12905449
129077923
12908103
129085256
129099159
129100157
129109723
129119090
129121608
129134410
129152847
129152910
12915945
129173658
129210271
129229632
129235391
129235708
129236616
129250278
129254313
12925875
129284687
129288303
129295057
129329656
129351411
129365868
129371187
129377820
129393317
129396831
129398889
129403742
129449164
129451829
129467967
129491523
129500471
129506945
129538757
129539766
129575184
129575266
129591998
129593694
129599357
129608107
129608615
129618965
129620952
129631966
129657497
129680783
12968141
129692544
129695577
12969765
129698424
129729366
129731560
129743267
129746334
129752792
129768388
129770003
129788252
129799740
129824498
12982646
129828194
129837687
129838217
129847687
129856530
129862703
129900605
129901098
129911493
129917466
129919947
1299235
129945507
129957620
129959338
129968745
129974170
129976591
129979590
129980818
129990462
129993893
129995317
12999698
129999984
130000821
130001397
130017399
130050308
130053469
130053527
130058959
130077548
130081236
130105225
130117897
130161152
130162463
130194730
13019864
130199663
130204277
130206172
130209770
130212592
130227880
130232182
130232254
130251914
130264872
130269157
130269564
130300349
130319037
130321834
130326233
130337391
130348050
130351251
130352942
130369251
130391739
130435944
130453311
13045535
130463595
130476601
130478203
130488245
130496816
130497963
130513004
130528101
130532346
130543714
130550997
130566743
130580296
130583256
130583905
130607638
130627239
130636629
130637943
13064155
130663646
130679957
130699981
130714009
130720750
13073870
130756544
130798983
130802406
130816511
130830924
130835099
130871336
130887529
130902250
130928613
130991648
131032896
131039248
131042936
131043274
131050580
13108636
131093879
131126268
131158831
13117645
131185129
131187235
131214060
131228215
131240192
13125864
131260265
131264108
131266815
131271019
131276074
131312966
131321663
131385273
131386040
131390205
131393158
131395085
131396587
131404662
13141322
131429910
131433540
131433918
131475641
13149712
131515906
131517522
131528102
131528753
131530044
131532094
131578590
131585217
131612507
131623943
131662045
131663025
131681429
131693119
131745511
131771420
131804738
131809807
131856380
131890646
13189660
13189725
131905451
131908191
131929409
131965111
131982300
131985258
131990155
13201221
132033713
132040792
132045912
132059017
132078929
132110746
132116900
132132334
132144807
132145907
13219621
132196457
132213193
132218413
132228155
132240407
132301407
132315137
132323147
132324484
132325994
132331558
132352941
13235979
132366208
132398202
132399713
132401615
13242015
132471738
132480366
132501462
132506811
132523344
132536618
132550854
132552278
132567063
132575385
132586994
132601166
132611526
132614754
132616725
132623466
132634718
132658166
132671424
132683466
132694468
132740739
132742501
132773972
132796355
132803431
132847169
132849059
132859392
132861536
132925736
132927997
132940254
132940744
132949381
132958679
132977088
132984059
132984253
132985320
132989425
133001203
13301355
133023935
133027806
133031809
133036096
133042920
133058182
133083868
133102365
133120342
133135970
133137225
13313802
133173163
133174287
133176618
133178328
13320455
13320723
133235363
133252311
133277318
133314618
133315917
133338433
133361096
13336176
133365222
133401605
133427880
133442561
133461751
133463691
133481198
133489842
133503007
133539544
133550084
13356118
133563346
133591154
133599662
133629702
133641782
13364537
133651603
133658700
133674448
133696729
133705457
133755863
133784111
133785352
133808469
13381123
133817664
133839337
13384170
133842123
133854282
133854983
133865585
133867706
133869699
133873528
133887741
133903904
133910532
133920823
133930246
133943816
133948296
133968277
13398279
133996715
134002712
13401444
134029279
134046439
134052710
134054665
134101519
134108901
134112652
134122526
134132140
134148769
134153229
134184796
134185008
134190262
134200941
134212081
134220323
134230531
134243691
134260473
134261042
1342803
134297173
134297195
134309562
134316585
134316716
134341423
134351539
134372182
134375754
134383496
134412210
134413436
134416005
134442107
134450458
13446415
13447720
134483932
134503898
134518536
134583015
134615178
134621848
134622261
134623431
13462603
134648874
134679158
134727305
134731135
134752040
134753482
13476086
134799207
134807912
134809164
134867267
134882084
134884808
134886459
134895485
134937855
13494122
134943159
134947168
13498393
134988446
134993617
135012604
135012633
135027916
135038694
135047644
13506203
135084225
135090452
135094589
135106797
135116529
135118073
135126112
1351481
135150894
135152581
135166235
135183315
135211694
135241078
135241102
135261112
135263255
13528539
135289457
135293101
135308695
13531134
135321016
13532967
135332613
135347796
135349
135378899
135389344
135397807
135412464
135413852
135424089
135426325
135434424
135455536
135460068
13546800
135469853
135485580
135492776
135494736
135510820
135514874
135525317
135563501
135572975
135580342
135590159
135640510
135665420
135670856
135675574
135675623
135676027
135680131
135692473
135704176
135709306
135722092
135725977
135730737
135738498
135745717
135752472
135772877
135788021
135790755
135791933
135809294
135817531
135874145
135884728
135886732
135897509
135983226
135983722
135994616
136005200
136011093
13604389
136071927
13608785
136127632
136158153
136163215
136175646
136176344
136184048
13618452
136191973
136206038
136219138
136241454
136246819
136257384
136265501
136285143
136294636
136331110
136335709
136341884
136372002
136381702
136393596
136401853
136407839
136408089
136420024
136423378
136435630
136442786
13644600
136476255
136478664
136482190
136482988
136489129
136516330
136538477
136556150
136591948
136600472
136612541
136628716
136629765
136641136
136643072
136648853
136659079
136665516
136701385
136718195
136723996
136741668
136759848
136790520
136825004
136843553
136854904
136875155
136877543
136878893
136889070
136897695
136903267
136936823
136963600
136970561
136976745
137015441
137038952
137050612
137078011
137082661
137092115
137115747
137131424
13715846
137158994
137179190
137179676
137180612
137190407
137206195
137209404
137215130
137217972
137221137
137226024
137246942
137252013
137281356
137292155
137312139
137321650
137347868
137352250
137392529
137393482
137403618
137412388
13741474
137418369
137449253
137455327
137506159
137519410
137523335
137525444
137531511
137547207
137551219
137565555
137567393
13758285
137587571
137618175
137634898
137637748
137645385
137645631
1376538
137669809
137683586
137699447
137699709
137710228
137721383
137740450
137744802
13776351
137791307
137803919
137834151
137876483
137885358
13789551
137915017
137948981
137949033
137953977
137954444
137955231
137966690
137999315
138000484
13801955
138059040
138059156
138063726
138072562
138076710
138080575
138083837
138086251
138096801
138099149
138113896
138140237
138196212
138205585
138214161
138234081
138261794
138283135
138291385
138292074
138299981
138304776
138309928
138314887
13833712
138349945
138365780
13836728
138375674
138384284
138388837
138430295
138449605
138451118
138453441
138495343
138498478
13853005
138556824
138559145
138565668
13859635
138600983
138648106
138677297
138695247
138696344
138732767
138735343
138764128
138772988
138773149
138776269
138778775
138794692
138810986
138820502
138824382
138830255
138858951
138867091
138882157
138894361
138899037
138921437
138925357
138927612
138963403
138977640
139004328
139008197
139034947
139066331
13906709
139069034
13907248
139090606
139110910
139116227
139133668
139135350
13914275
139149641
139149751
139153941
139161434
139175021
139192841
139193389
139198871
139215401
139217008
139222130
139235727
13925946
139264243
139267543
139277928
139297467
139301753
1393423
139354564
139363016
139368366
139370639
139378373
139388007
139392456
13940642
139432164
139434941
139451492
139462094
139476957
139488158
139511800
139545552
139552281
139555789
139556140
13955864
139564921
139600267
139606240
139621149
13962799
139659471
139659858
139660883
139668332
139697547
139703075
139704379
139728754
139738941
139749655
139759180
139763357
139766625
139786671
139791455
139833156
139840350
139878830
139882643
139883301
139885696
139889630
139919319
139922556
139981807
139982892
139997649
140038969
14010763
14011730
140122373
140134509
140140605
140141293
140144632
140147149
140199015
140206758
14022295
140232604
140232659
140256641
140267624
140309085
140332355
140334474
14035158
140351953
140371223
140381135
140399391
14043203
140455966
14045890
140467270
14049007
140491036
140500519
140501245
14050819
140541865
14054426
140556802
140580701
140582594
14058841
140632642
140635650
140651197
140659336
140661932
140678597
140705815
140721903
140723381
140733705
140753842
140754757
140758038
140762201
140763693
140767127
140769849
140786625
140790192
140801185
140852942
140870011
140872172
140880850
140893240
140894350
140895366
140909144
140909558
140912773
140921157
140941965
140968041
140987736
140995269
14100462
141030731
141042177
141050630
141074749
141083720
141084002
141090143
141095479
141105686
141106107
141160458
141166480
141195996
141200871
141202059
141224661
141232137
141241567
141247060
14125235
141262585
141263225
141274681
141278390
141289984
141296727
141304085
141308708
141325380
141334479
141343296
141349892
141353295
141359114
141361543
141368648
141381200
14141952
141420575
141422572
141467200
141492445
141496366
141504552
141510897
14152
141520629
141526516
141528571
141529449
141534382
141548523
141555796
141557172
141565666
141569149
141572511
141579192
141581350
141630935
141638321
141658190
141661456
141664851
141673850
14167442
141710981
141712457
141741386
141744589
141757856
141765235
141771158
141771287
141773008
14177486
141780635
141782686
141783144
141791496
141791858
141808205
141838906
141848388
141851381
141887141
141895354
141909682
141931894
141932210
141934267
141937697
141939336
141942808
141972413
14198898
141996578
142018707
142024804
142044216
142068875
142072325
142073399
142105858
14210817
142122487
142143305
142147795
142148728
14214900
142152918
142159936
142165791
142166719
14217475
14217685
142181977
142190311
142202623
142226249
142226771
142258739
142282410
142309360
142332593
142335392
142344317
142346162
142352840
142357865
142366327
142369992
142391834
142428066
142456023
14252487
14252792
1427343
14296219
14301629
14306251
14314497
14335938
1434119
1434429
14383074
1440595
14417361
14419615
14437018
14469758
14504881
14543753
14555625
14584160
14617224
14620794
1463350
14637140
14639329
14650820
14655396
14656128
14656393
14698625
1470081
14703703
1472133
1473160
14739519
14748908
14753773
14753857
14792361
14794503
14805793
14810140
14818889
1484148
14843329
14862895
14870142
14908463
1496806
14971169
14971243
14972188
14974061
14988418
15000678
15012976
15014417
15019848
15021819
15024343
15026713
15040272
15047604
15051300
15057025
15089987
15124235
15136492
15147889
15151940
15163123
15175028
15188892
15190236
15232121
15233671
15233684
15254391
15283261
15303490
15315594
15327104
15342990
15343106
15350277
1535129
1535406
15361503
15376420
15407004
15408775
15434369
15439922
15448621
15449403
15455947
15456571
15465595
15481377
15483548
15512466
15522262
15525919
15526307
15538158
15554387
15559083
15575974
15583256
15583400
15588377
15592007
1560785
15612710
1561610
15625221
1563139
15657391
15671790
15680024
15685363
15698093
15709274
15722983
15731637
15743265
15750166
1577314
15780957
15795621
15817558
15820382
15821508
15822392
15826275
15840869
15846728
158516
15865242
1586570
15878366
15894042
15894830
15910492
15913934
15926090
1593847
15940634
15969446
15980685
15992933
16009813
16014532
16017652
16020417
16022065
16024082
16037264
16062746
16073404
16079812
16085234
16087833
16115270
16120032
16143276
16147980
16164748
16174142
16192821
16207363
16218550
16248658
16260669
16262848
16268664
1627203
16280029
16288988
16302742
16304741
16311563
16323186
16351631
1637359
16389213
16403991
16405015
16426792
16439195
16439481
16458073
16470860
16471696
16518268
16534464
16538151
16549250
16549573
1655526
16557692
16618693
16637032
16638700
16642876
16674524
16684418
16687044
16691538
16716001
16721464
16725431
1677095
16779951
1678275
16804446
16813920
16846837
16847478
16864147
16873602
16876055
16891565
1689600
16896741
16898091
16915261
1692400
16970455
16973467
16983698
17007439
17007443
1701869
17020859
1702520
17026631
17042777
17044329
17045113
17062584
17092645
17139694
1715517
17165737
17168073
17254185
17258875
1726290
17304888
17343568
17344440
17362694
17366329
17380762
17391861
17421307
17463235
17471472
17485864
17505784
17509239
17510838
17516380
17526434
17590145
17602816
17665940
17668683
17686864
17688736
17707753
17715311
17718430
17729908
17734154
17735458
1773594
17762209
17782168
17785839
1778994
17795033
17807010
17822595
17873944
17879382
17887687
17896561
1790150
17902089
17904632
17911143
17923195
17925671
1792749
17946911
17967304
17985900
17987872
17994052
18019425
18021595
18023450
18055477
18060671
18073700
18089906
18094645
18102472
18102896
18110679
18117036
18138622
18150397
18162415
1816423
18169
18170803
18187983
18204749
18216389
18231677
18240383
1825962
18261127
18262579
18268953
18277781
18282993
18292649
18303437
18344409
18362052
18424689
18425591
18426048
18434743
18444881
1845368
18473301
18524634
18538455
18552045
18576565
18579215
18581125
18601265
18634145
18635611
18658765
18660143
18679968
18685883
18686636
18707903
18716126
18717485
18728844
18729544
18731849
18732509
18732980
18737614
18758446
18760411
18763809
18767493
18788653
18798980
18802476
18803933
18834651
18868044
18899132
18909506
1892717
18956456
1897050
18978709
18985911
18989773
18989909
19014982
1902324
19025727
19041839
19044059
19045075
19095
19096039
1913138
19132021
19138477
19163256
19164979
19166363
19187898
19188351
19218807
19232948
19236259
19260041
1927352
1928096
19282319
19316792
19318050
19325144
1932774
19336893
19343819
19347313
19359993
19360740
19362072
19381333
19409059
19409763
19453127
19466917
19470448
19490224
19498569
19501801
19517809
19526617
19550738
19556722
19560101
19566612
19571711
19579699
19598141
19599199
19609265
19611304
19621712
19637792
19646548
19647442
1965298
19658853
19662928
1972513
19730939
19747904
19751884
19785023
19791127
19839658
19844561
19852570
19860842
19869572
19872414
19877012
19879468
19885406
19897066
19902454
19904874
19927656
19936645
19939755
19940912
19961647
19998815
20010936
20012745
20022840
20048853
2005140
20056695
20113267
20122083
20124715
20132045
20143607
20145080
20171790
20174386
20210717
20212617
20238343
2024732
20262488
20263375
20280300
20293815
2030793
20311193
20311539
20313328
20313518
20319214
20322481
20339749
20352134
20355886
20357254
20361916
20362185
20362789
20380506
20401
2040122
20426327
20428615
20446750
20458537
20500525
20518054
20519542
20529919
2052996
20544860
20545709
205463
20547969
20574240
20585998
20597490
20620133
20646051
20651779
20668279
20697861
20711730
2072250
20729327
20744134
2074637
20759992
2076213
20762185
20803556
20808624
20815921
20847463
20853047
2086248
20896769
20915701
20944176
20945146
20947444
2095294
20964170
20965804
21008348
21045880
2105466
21072045
21083402
21087223
21090879
21112970
21119761
21134416
21148143
21158482
21172938
21184032
21209933
21215990
21220756
21243012
21243187
21249023
2125036
21251819
21270981
21279140
21290911
21305088
21322266
21340098
21367508
21375338
21381186
21396810
21406678
2144931
21449998
21452046
21468446
21476532
21520822
21521506
21540844
21552019
21560157
21569116
21571979
21573720
21576685
21577311
21597711
21627206
21668253
21690466
21691697
21702034
21724189
21746596
21762801
21782028
21793284
21800934
21822413
21838112
21841539
21852171
21855075
21855897
21860147
21875777
2188489
21933931
21940280
21951546
21961935
21968456
21968836
21991923
22003687
22016654
2202055
22031879
22040925
22043513
22052162
22063587
22066282
22083933
22087291
22088523
22090676
2210210
22102666
22103507
22106339
22132823
22148782
22151716
22157865
22174547
22186124
22198460
22209187
22232670
22235504
22236550
22272451
2229978
22326825
22330924
22332656
22370536
22393062
22402560
22416140
22425706
22487878
22495199
22496560
22554509
22564263
22601914
22626502
22643943
22666062
22696053
22704445
22704978
22717128
22728776
22788122
22795984
22804811
22807254
22811153
22814378
22833522
22846324
22847535
22850551
22873496
22886227
2288846
22894873
2289510
22907239
22921488
229807
22993027
22994645
23003616
230169
23026017
2302904
230326
23038853
23048633
23090493
2310758
23115142
23130068
23150983
23185272
23200555
23203920
23210309
23237106
23238578
23242349
23251020
23261029
23296247
2332581
23329867
2334161
23353569
23362810
2336350
23419732
234304
23441311
2344622
23450918
23464346
23501761
23505514
23506775
23506974
23532166
23549038
2355429
23569993
23623188
23642835
23691903
23696138
23721294
23731773
23749054
23754681
23762426
23768447
23769172
23780418
23793179
23806494
23818334
23839921
2384059
23853499
23857412
23865567
23876846
23885551
23886472
23900257
23908364
2395202
23960234
23964644
23971826
23976557
23987517
23989740
24001678
24001750
24018391
24021458
24024083
24030012
24045086
24051953
24056502
24063501
24066696
24066982
24068503
24205103
24215784
24236828
24240883
24247123
24254500
24275946
242921
24298420
24298954
24301744
24306097
24321854
2432940
24336749
24370042
24378496
24384859
24386269
24414641
24415789
24417994
24438539
24447145
24447355
24474861
24522831
24524187
24524384
24540367
24551841
24565144
24570690
24599021
24626691
24642409
24642742
24644686
24654261
2468536
24696726
24700520
24704613
24706638
24709512
24709928
2471118
24719708
24721706
24729502
24731176
2474180
24744728
24754040
2476290
24769609
24772941
24773114
24805517
24822910
24839021
24839442
2484561
24846810
24853300
24861651
2487141
24875933
24876740
24902532
24908868
24912666
24984550
24985298
24985335
2499047
24993608
24998109
25017330
25028602
25039683
25040442
25043488
2506341
25072444
2507259
25077470
25103848
2511629
25119212
25129945
25167480
25205000
25215291
25220315
25231207
25250160
25261910
25266604
25275476
25276489
25288569
25318332
25329794
25331864
25341430
25370698
25380273
25386840
25389839
25389890
25400369
25438961
25454151
25483317
25486425
25491119
25498370
25505801
25508210
25517868
25546549
25549982
25562589
25574723
25578752
2559590
25608708
25611009
25618584
25624293
25629222
25711904
25721434
25762105
25774265
25793236
25800428
25815801
25820087
25833600
2583781
25837904
25849481
25853101
25856373
25866313
25867068
25891315
25900591
2593286
25952883
25959307
25965058
25992841
26002289
26004377
26016998
26023454
26024212
26027368
2604596
26047046
26081128
26094654
26113145
26126094
26131485
26140525
26159840
26163704
2616976
2617659
26195311
26202962
2622606
26239248
26239858
26240479
26244154
26252888
26259623
26309649
26318350
26330430
26340411
26347276
26347728
26349077
26362848
26365477
26381102
263901
26397546
26413884
2641662
26420903
26423535
2642753
26488092
26490937
26494898
264970
26504487
26522179
26538037
26582574
26588361
26591222
26594698
26615437
26622139
26638964
26640891
26649410
26664688
26678305
26694724
2670259
26711371
26731285
26767200
26770280
26803027
26804514
26806144
26810455
26814910
2682058
26824477
26841601
26842732
26873143
26916375
26917354
26936473
26953831
26956126
26958678
26962287
2699472
27022131
27058343
27074827
27092408
27094663
271169
27118864
27161786
27164286
27169933
2718579
27200201
27246513
27284265
27296776
27300633
27313574
27338801
27383944
27411600
27426697
27463404
27468970
27472088
27479069
27495269
27512670
27515203
27527098
27536286
27544399
2754832
27554753
27557493
27566371
27572899
27577886
27587447
27593342
2764328
27649225
27672886
27673005
27686709
27698306
27707442
27726777
27730102
27746727
27751835
27756102
27776872
27793062
27794139
27801492
27847318
27854671
27882034
27895070
27899230
27902356
27911661
27985047
27998421
28026495
2807180
28087182
28102496
28110322
28141400
28142759
28155623
28181934
28189555
28190790
28200616
28242823
28262501
28295597
28370737
28373853
28375714
2838689
28387683
28397948
28398589
28400988
28401599
28417289
28464138
28485598
28488748
28490094
2849616
28496770
2850672
28518682
28534351
28534469
28536245
28542500
28549120
28572200
28591008
28610813
28611120
28627896
2863265
28634161
28637703
28638751
28639441
28653821
28656034
28687396
2869892
28724615
28727952
28768240
28769511
28777693
28796545
2880047
28810746
28821133
28831493
28836058
28848069
28855175
28880921
28897742
28926235
28951963
28973383
28982451
28989201
29036383
29054420
29054893
29064427
29066645
29071427
29092348
29103148
29113883
29144404
29146290
29154992
29169058
29176711
29197275
29203427
29220470
29220545
29221416
29221987
29233217
29234861
29278777
29281188
29288518
29300731
29315421
29320282
29321096
29333174
29354412
29359060
29367711
29368223
29368869
29369641
29371930
29374939
2939036
29400029
29431939
29433147
29438088
29441465
29453063
29467201
29472913
29515777
29518619
29523781
29540870
29552918
29569027
29579872
29596720
29606760
29608942
29613524
29672649
29705032
29724390
29733525
29747890
29762430
29773049
2978492
29796754
29809341
29812907
29827518
29847444
29864087
29888608
29889579
29890710
2989488
29896663
29898034
29924604
29927052
29933088
29938725
29940809
29943812
2996605
29986342
29986996
2998777
29990078
30007701
30046214
30052966
30089790
30162185
30167097
30172262
30187992
30220561
30252582
30258306
3025875
30267366
30270200
30284767
30292145
303013
30343324
30351895
30364697
3037055
3039555
30402171
30407680
30414317
30425708
30442456
30511828
30516846
30543627
30559509
30562839
30606728
30607791
30617126
30625414
30628618
30641533
30671231
30694320
30699451
30706543
30710153
30710648
30711799
30719224
30775575
30796972
30819827
30831194
30858221
30867018
30872855
30904698
3090816
30914924
30924964
30928127
30933358
30933765
30947796
30956480
30963780
31005284
31006519
31019226
31024861
31051182
31057759
31086248
31092998
31149633
31150503
3115117
311547
31166915
31183067
31191408
31192527
31217507
31222716
31224260
31224289
31232686
31268996
31307312
31325823
31338178
31340517
31354597
3135611
3135836
31368231
31370999
31379822
31448191
31462872
31466815
31467985
31493754
31506265
31519566
3153929
31550460
31558554
31562437
31569374
31573310
31576281
31576782
31597340
31603930
3160569
31608952
31618532
31619854
31637860
31643251
31648252
31659386
31662494
31665195
31682609
31701455
3170687
31718228
31720916
31736649
31741926
31761710
31765583
31786460
31810270
31840935
31841087
31861871
31866394
31868314
31880643
31893504
31899440
31900340
3191999
31929244
31935259
31936983
31964089
31969919
31986422
31989735
31997092
32011454
32018617
32031912
32040238
32056631
32062712
32079800
32109732
32118815
32123143
32131028
32140111
32153992
32156553
32183973
32192900
3219318
32209290
32219902
32222477
32226713
32240053
32261891
32298483
3230317
32312048
32339032
32345386
32350300
32356212
32364209
32369117
32400706
32455786
32480633
3248168
32497825
32513466
325214
32531784
32550287
32573394
32586169
32587672
32596103
32611279
32614467
3263428
32643684
32649465
32654397
32668470
32678052
32694337
32694779
32696162
3274373
32773474
32815119
32839619
32848850
32861478
32873164
32902861
32917479
32958231
32962916
32964824
32971905
32974440
32977820
32988961
3303277
3303763
33073605
33078703
33082771
33086149
33141354
33196407
33201033
33210604
33212575
3322548
33244168
3325137
33263216
33267758
33277457
33288470
33290628
33292913
33318592
33350772
33376456
33376634
33381668
33384156
33384407
33393343
33403491
33406584
33413979
33431745
33437981
33445386
33469659
33470115
33486899
33499587
33522133
33529509
33538031
33543261
33561925
33598328
33608085
33608164
33633804
33634367
33638786
33646417
33652302
33653440
33673277
33678648
3370238
33713238
33726380
33734284
33739860
33744378
33773587
33775149
33787718
33792390
33857715
33891499
33897272
33898408
3391398
33918143
33936456
33939708
33947710
33958537
33974464
33982462
33984689
33998454
34004162
3401723
34020000
34024423
34028580
34052000
34062436
3410120
34123658
34128627
3413900
3416128
34169827
34174102
34175043
34208020
34215675
34254741
34256907
34257736
34261685
34263408
34269301
34295537
34334840
34340569
3435374
34360692
34367769
34382986
34390644
34417790
3441899
34424467
34436940
34446395
34462168
34465012
34471589
34497428
34508034
34519422
34561421
34584730
34593792
34596224
34602623
34612875
34637607
34692963
34696590
34721273
34726083
34733798
34736451
34737196
34737895
34743068
34766053
34771266
3477953
34811514
34814020
34824408
34844620
34883946
34895313
34903035
34933526
34937456
34939780
34963501
34973175
3498609
35002050
35012787
35020243
35036434
3503734
35083168
35087832
35099300
35106275
35124961
35126475
35145947
35149804
35151210
35161410
35167380
35175499
35191798
35194603
35203286
35214115
3523116
35232532
35236069
35254700
35254870
35257863
35284607
35291852
35293110
35320346
35335724
35391440
35411632
35418435
35422064
35442441
35445847
35447336
35470298
35500625
35503028
35520093
35565163
35568587
35569676
35573653
35576981
35580708
35605344
35607007
35623012
35623082
35633068
3564077
35648223
35661127
35665769
35673932
35716707
35717987
35731634
35738332
35777295
35782975
35793784
35798011
35800081
35831216
3586430
35881288
35940004
35966507
35969745
35999644
36016747
36017048
36022352
36022598
36034193
360451
36058886
36061410
36088374
36098889
36106937
36111422
36113584
36121813
36123691
36135727
36140679
36147332
36148755
36161999
3616625
3616868
36173264
36178507
36179838
36185714
36191974
36203258
36209907
36215529
36219425
36229727
3624197
36248161
36276513
36281725
36287818
36312535
36313120
36328591
36330239
36356418
36358942
3639832
36401601
36403590
36409669
36416298
36442529
36459731
36465131
364759
3649107
36498662
36524064
36530737
3653864
36561782
36571367
36577224
36594355
36641911
36656901
36661777
36664089
36680928
36692287
36693327
36696186
36723448
36728801
36731024
3673346
36773664
36797719
36821780
36855645
36867812
36874412
36874906
36886015
36922559
369232
36926619
36933597
36937
36942459
36952963
36986111
3699059
37005580
37006225
37012367
3703520
37039424
37062391
37092700
37093659
37111891
37121101
371408
37145761
37164198
3716598
37188049
37192011
37197766
37213199
37217199
37248524
37252716
37252955
37267625
37273399
3727568
37276172
37303219
37309589
37347239
3734806
37352560
37374363
37385058
37401113
37407111
37420600
37424427
37431134
37439539
37449739
37454396
37472858
37476456
37478232
3750447
37515271
37527972
37538825
375449
3755331
37571237
37576171
37605904
37621585
3762207
37623476
3762752
37644304
37659974
37663224
37672460
37686547
37698625
37710250
3773471
3778664
37802476
3781049
37820253
37821174
37854290
37861536
37868022
37872668
37886546
37889013
37898194
37916008
37924356
37937663
37949840
37955794
3795838
37962600
37963790
37963888
37970659
37971336
3797162
37974562
37980620
37989479
38000121
38027838
38029088
38037832
3804111
38045550
38056569
38088521
38102445
38121324
38122707
38127544
38140070
38150165
38166465
38182692
38185051
38185963
38213006
38223132
38237353
38244553
38245519
38252266
38256256
3826065
38267736
3827173
38277909
38279944
38287621
38307670
38322279
38325250
38333048
38342762
38345289
38353022
38353369
38384431
38393616
38393915
38394899
38434744
38474069
38479453
38522147
38527866
38540226
38568
38601556
38623720
38634248
38645842
38645870
38670845
38684266
38686896
38719205
3873034
3876155
38767950
38789454
38794391
38800318
38800602
38814954
38818694
38850613
38861600
3889704
38932651
38932958
38940871
38941744
38964148
38965513
38973173
38993814
38995551
39003640
39006152
39017675
39056129
39064405
39079290
39081616
39083688
39100959
39106788
39128228
39133990
39135224
3913639
39163328
39186354
39187452
39207286
39215700
3924010
39260000
3928505
39290444
39304410
39309813
39318393
39341670
39348485
39358454
39377972
39387686
39415778
39430648
3943164
39450685
39470736
39479918
39499267
39501136
39501481
39515749
39524581
39532628
39541083
39552055
39567595
39575941
39581883
39593162
39597894
3961781
39640802
39661435
39670075
39685993
39691727
39705101
39716997
39749835
39751786
39779875
39780301
3979052
39808553
39814212
39817255
39819685
39833553
39853626
39855465
39861536
39863506
3986725
39872837
39876418
39882444
39918045
39930241
39936758
39948845
39949863
39955556
39959024
39961041
39980904
39988135
39999878
40003337
40017056
40029310
40039522
40071220
40072752
4008563
40092325
40112481
40120302
4012396
40124382
40126224
40142355
40153780
40154313
40172985
40186813
40207401
40211861
40222003
40228547
40240424
40243175
40260421
40261210
40292233
40297927
40329531
40330673
4035167
40352740
4036600
40387549
40390023
40406497
40439823
40441550
40475108
40523696
40538635
40539887
40551347
40576723
40591681
40613326
4064235
40642904
40656893
40663282
40673183
40674157
40685218
40699776
40712320
40737016
40741759
40743909
40796628
40806340
40809721
40818899
40847458
40903382
40907060
40910479
40921887
40948136
40963877
40966940
4099114
40994655
41017565
41024774
41051784
41072973
41074672
41089112
41089832
41104415
41138859
41142803
41154503
41166322
41217783
41282708
41287085
41297247
41302437
413028
41318851
41347685
41388992
41399458
41400750
41405339
41438096
41480116
41500786
41504400
41509153
41515205
41515424
41520531
41521783
41543626
41550068
41552336
41574342
41574514
41599972
41614191
41636672
4164439
41646122
41657821
41668701
41683503
41684599
41704059
41717465
41759212
41759594
41761976
41766996
41780765
41807643
41809500
41822521
41839555
41858386
41866258
41873371
41888827
4193084
41941772
41951897
41959743
41993449
41994551
41998693
41999826
42008479
42012301
42019532
42035016
4205661
42075241
42076027
42085442
42096955
4210789
42109144
42110967
42115319
42117103
42136535
42158519
42163589
42182525
42190607
42218109
42258413
4225871
42263738
4226990
42284380
42317567
4232259
42331282
42372920
423794
42408320
42422044
42438094
42438190
42468360
42505115
42508281
42509174
4252230
42524003
42530586
42557195
42557900
42559830
42560916
42563343
4257979
42580387
42596499
42601350
42605292
42614082
42617706
4261840
42634947
4264807
42659811
42714086
42716226
42717643
42735883
4273621
42741845
42774712
42790158
42818311
42844457
42850571
42852789
42872738
42906445
42912720
42914251
42921981
42930557
42958254
42968257
42977680
42998128
43007295
43023889
43031779
43053622
43072986
43086389
43087695
4310004
43113553
43114655
43127873
43135557
43187784
43204589
43220575
4322575
43252806
43254718
43293955
43294371
43294498
43296722
43302035
43324052
43349169
43351989
43354285
43356881
43359390
43372125
43380951
43389265
43392301
43393028
43396238
43405789
43411234
43432534
43451997
43452270
4345477
43459861
43469273
43474001
43477702
43477769
43479464
43491973
43496207
43518662
43527099
43543446
43560698
43562254
43580053
43592775
43607875
43612763
43618103
43630624
4363457
43673471
43691003
43694897
43706751
43707353
43708275
43725519
43743064
43749181
43776509
43801387
43815023
438276
43839358
43849039
43849816
43851250
43859278
43865915
43869614
43882230
43888543
43899792
43923104
43927941
43949634
43989412
43990317
43991658
4402284
44026734
44037373
44038985
44040790
44055370
44059108
44074466
440799
44093788
44124098
44130893
44132277
44137606
44148158
44162575
44163312
44170704
44180837
44203896
44206795
44220296
44228234
4423839
44247741
44248133
44277891
4428605
44302195
44318358
44338642
44338893
44353593
44401449
44403635
44414889
44419751
44422702
44433250
44440664
44441284
44443335
44445004
44449753
4446899
44548696
44552395
44590392
44610961
44614861
44616691
44642683
44643497
44658414
44703989
44718780
44721922
44810785
44818129
44850234
44920685
44939507
44939837
44945195
44947698
44968759
4497869
45021480
45050751
4506770
45085914
45086009
45087720
45094029
450948
4510741
45116925
45118381
45127241
45190470
45246385
45255876
45268920
45278136
45304111
4530578
45324981
45334077
45349887
45370706
45387887
45392683
45403091
45416453
45425367
45443577
454497
45454313
45454938
45479785
45481107
45484103
45484969
45489423
45514873
4552768
45561576
45568795
45574405
45577644
45579963
45623941
45635084
45673925
45674240
45704124
45709241
45710176
45713336
45716180
45717217
45725215
45726007
45733404
45756119
45761927
4576609
45770445
45781106
45820649
45846277
45855740
45858056
45871762
45914095
45925508
45927875
45949745
4595356
45969760
45991751
4601466
46030644
46033039
46050398
4606353
4607223
46081082
46089966
46102349
46113230
46121868
46129044
46134610
46159134
46177713
46179048
46209573
46210014
46229523
46241622
46247646
46263628
46265753
46271698
46275559
46288074
46302052
46302582
46304532
46316041
46318631
46320598
46333456
46338408
46350939
46372358
46380691
46415349
46438190
46476731
46495539
4651576
46522251
46526694
46543685
46550020
46563819
46567746
46576158
46599714
46604709
46620381
46621398
4662641
46653549
46666003
46722887
46758215
46772573
46778665
46814308
46815463
46823994
46861385
46862184
46864179
46896961
469275
46953857
46997128
47002562
47002982
47006614
47007698
47012128
47015635
47016310
47022600
47032159
47034811
47035700
47037064
47041485
47071016
47071435
4707609
47104269
47117557
47121008
47123658
47141960
47143734
47156937
47174804
47203083
47204685
47207357
47216621
4722649
47227501
47263719
47270885
47294496
47316113
47335620
4734112
47344550
47346917
47385201
4739067
47398432
47399281
47407626
47436513
4745274
47454661
47496593
47503453
47519738
47530722
47557009
47571449
47581534
47582711
47587432
47594591
47606728
47613064
47625246
47636434
47645178
47647634
47674385
4767784
47684778
47697403
4770076
4770315
47716077
47716384
47769110
47769173
47778692
47780785
47781222
47795449
47799028
47838419
47864493
47868158
47871014
47898125
47909125
47937507
47942288
47951579
47963355
48011007
48012710
48012828
48023394
48034560
48042539
48062870
48079720
4808540
48115175
48151017
48182677
48197647
48210002
48213081
48231447
48245998
48255688
482573
48261136
48272439
48283518
4829764
48308523
48355452
48380764
48382694
48385214
48385571
48388658
48389533
48390678
48401069
484555
48472221
48473436
48478731
48483670
48517391
48519239
48540190
4855596
48562033
48570466
48579800
48583253
48585859
48588889
48595099
48610424
48638352
48670109
48676285
48688879
48705734
48712563
48716908
4872882
48732387
48733433
48755924
4875694
48766601
48771006
48796681
48820780
48821947
48826907
4883354
48833599
48840319
48849510
48864645
48866597
48883521
48889142
48890026
48897748
48898910
48912439
48914663
48925070
48932578
48937125
48952506
48977926
48979594
48995879
4900767
49025624
4904673
49055042
49078245
49078659
490811
49083918
49105375
49133248
49135407
49149782
49194169
49240202
49240356
49262969
49265158
49267088
49268103
49272579
49302289
49303445
49310915
49311211
4931612
493185
4931941
49335337
49338328
49340968
49372972
49373970
49379129
49391797
49409539
49431085
49445501
49445624
49459744
49473443
49481197
495178
49525901
49540495
49579221
49610117
49616948
49619439
49703412
49726776
49749880
49754594
49764873
49780463
49790086
49792771
49804526
49804901
49829658
49839161
49873473
49882656
49886033
49892434
49897559
49928
49929778
49940966
49971174
49975647
49983291
50006440
50006496
50021148
50044836
50059367
50066595
50068354
50104107
50104429
50127153
50159699
50163622
50177259
50201629
50206606
50213638
5021527
50240467
50247689
50247764
5025251
50259635
50273825
50284640
50289919
50301733
50322291
50328928
50340729
50370611
50373510
50374938
50405875
50418349
50469752
50498070
50498173
50502451
50538209
50541645
50556227
50559550
5056099
50616842
50617743
50638305
50639608
50649733
50651876
5065225
50668017
50671787
50684235
50690481
50691774
50707276
50712960
50724712
50750654
50751075
50760032
50791625
50796433
50798996
50809462
50881581
50892435
50915402
5091786
50918155
50923699
50935017
50943011
5096071
5096381
51003537
51004227
51009510
51030788
51044798
51049051
51083613
5109731
51112461
5111354
51121397
51126004
51160991
51175203
51183209
51184879
51203615
51206850
51208247
51212448
51219691
51222613
51275001
51299959
5130561
51331338
5133139
51336812
51386118
51405856
51410219
51450804
51523647
51532560
51540010
51544071
51566642
51578997
51612584
51622249
51631578
51634236
51654868
51689042
51692765
51746385
51755975
51761489
51770023
51792834
51813555
51816656
51826644
51830179
51840068
51840412
5184539
5185661
51859726
51862581
51870430
5187630
51880685
51890699
51898855
51905145
51923119
51950935
51965294
51969060
51974486
51986250
52027356
5203264
52035400
52041756
52042199
52046047
52080643
52083718
52084786
52103664
52126011
52132931
52217948
52225359
52227384
52235304
5224199
52302999
52306927
52316204
52326160
52331564
52366473
52373732
52402505
52417718
52420258
52432914
52446250
5244763
52463107
52494029
52522451
52523254
52523675
52544159
52575762
5259651
52622542
52625459
5264644
52673329
52695357
52713599
52724780
52726145
52727739
52741757
52753260
5278329
528023
52822210
52833705
52840108
52855989
52865510
52895501
52930201
52993887
53008070
53010106
53016665
53026662
53070063
53076643
53085943
53088692
53100059
53112590
53118094
53125707
53164234
53181951
53206482
53210263
53236012
53241875
53288942
53332172
53334106
53343702
53375253
53389163
53400473
53413854
53418759
5343078
5343879
53439550
5346838
53475119
53489411
53510774
53515825
5352502
53540927
53581733
53582181
53602272
53616158
53623949
53629005
53675738
53680194
53706414
5371101
5371256
53714816
53742835
53791365
5381539
53826424
53872815
53872916
53879840
53884329
53886024
53890962
53891047
53892787
53897473
53904578
53945792
53947379
53953695
53964738
53981410
54003652
54015834
54029651
54044270
54046883
54053313
5409107
54093053
54099409
54105927
54129901
54143243
5415211
54155618
5415952
54159601
54163580
54188325
54209577
54212053
54228513
54257383
54267939
54276504
54285274
54287784
54340873
54344737
5435909
54368965
54370253
54374429
54374592
54393201
5441836
54424205
54431335
54456627
54460794
54462807
54496783
54503733
5451459
54527285
5453075
54532819
54536094
54544372
54546790
54559085
54563600
54564441
54574235
54593433
54596791
54604141
54606139
54633081
5465779
54682093
54682595
54729700
54752857
54788662
54790610
54795583
54812225
54851639
54867992
54877200
54878837
54882858
54908980
54921235
54933058
54941649
54987533
55005684
55021707
5505823
55105517
55147710
55163874
55179271
55197721
55197747
55212549
55214292
55238812
55239087
55247483
55259658
5526666
55287303
55293074
55294336
55294651
55299848
55327215
55333162
55336532
55351846
55361839
55375656
55377140
55398194
55419797
55419955
55427335
55468330
55472021
55496517
55507721
55521985
55529547
55532702
55554272
55580530
55585675
55588855
55590425
55612331
55619609
55639818
55653621
55667626
55678980
55749026
55759876
55773439
55777199
55819379
55852526
55860355
55877973
55905218
55906915
55908793
55952907
55963214
55970053
55995766
56024287
56031292
56031880
56034890
56042010
56043012
56048781
56057350
56089382
56089582
56094913
56106491
56117792
56127169
56128199
56129558
56137104
56138898
56193432
56201067
56219570
5622721
56238094
56240852
56274712
56285540
56307821
56325314
5633062
56351352
56352694
5635862
56413410
56438429
56448142
56481194
56485225
5648876
56491409
56514257
56514657
56546643
56551726
56553525
56562475
56580525
56610403
56640909
56645751
56661320
56699596
56707430
56719899
56720510
56752880
56760511
56761351
56801187
56802207
56821315
56823277
56823326
56835143
5683524
56845836
56847354
56859796
56880110
56885499
56885979
5689814
5691036
56914112
56919760
56929598
56937647
56940965
56941256
56944616
56951806
56962081
56970482
56974542
57014834
57018141
57029481
57040521
57058991
57071628
57080688
57081999
57099574
5710947
57118259
57119664
5712215
57141881
57147852
57156142
57179583
5718045
57180760
57186961
57194261
57198121
57201592
57213531
57215489
57218721
57221840
57231536
57240687
57248501
5725817
57261890
57296514
57306970
57330963
57334064
57340694
57361144
57389348
57402210
57412556
57414021
57441022
57462906
57468399
57484936
57487865
57499730
57502610
57505577
57509420
57514177
57520610
57523021
57532744
57573535
57608090
57642653
57658684
57665274
57666303
57673022
57673281
57699238
57706515
57713902
57741871
57750298
57782645
57814006
57815793
57817053
57820803
57866263
57866314
57888518
57899010
57911004
57922834
57938026
57938534
57945381
57966099
57972624
57983419
57984762
57987527
58003122
5800470
58039277
5805587
58065859
58074259
58077011
58079144
58096699
58100824
58101563
58107576
58122881
58134255
58140595
58151249
58197610
58200499
58206242
58206817
58220377
58220492
58224399
58283357
58303378
58305040
58308741
58313008
58335778
58349660
58363150
58373604
58391604
58439651
58447697
58453645
58462079
58491767
58496032
5850418
5851343
58513735
58517853
58552612
58553066
5856316
58567611
58570606
58645613
58658266
58697297
58716391
58724231
58730281
58749285
58765619
58771497
5878084
58811668
58828062
58844935
58848190
58857011
58859677
58866828
58867936
58879941
58883715
58917479
58926254
58938080
58949820
58953127
58955161
5897540
59001043
59016682
59022402
59045872
59048510
59057916
59068894
59096829
59097644
59130195
59131631
59132339
59134774
59160612
59182609
59190735
59194752
59223120
59226535
59234696
59236433
59255184
59265528
59344659
59348943
59355812
5938832
59393422
59397714
59398938
59401882
59447327
59451304
59453344
59461559
59474616
59488150
59502935
59540964
59541795
59557976
5957816
59578798
59579544
59594572
59601272
59631495
59633193
59638225
5964232
59660782
59669265
59672207
59679231
59703166
59725336
59741105
59755763
59783294
59799959
59813038
59815044
59819007
59830330
59832372
59870287
59873804
59894779
59903208
59911103
59993107
5999606
60000420
60017012
60022410
60023876
60071787
60086316
60088374
60122179
60132462
60142922
60164239
60167759
60175632
60185799
6018682
6020290
60205774
60223482
602312
60242958
60264861
60268659
60274550
60284321
60286350
60296781
60298546
60318855
60325466
60344002
6035004
60365378
60371446
6038459
60402528
60408316
60408890
60420048
6043068
60432494
60433384
60435513
60442454
60452360
60464118
60468635
60473530
60478746
60488285
60499009
60516626
60539627
60546984
60549556
60563604
60596695
60597522
60598242
60613466
60623651
60637661
60702375
60756558
60764686
60774029
60775233
60814339
60831243
608319
60858774
60859166
60866435
60884718
60886488
60894054
60895034
60931106
60933341
60936059
60947053
60950910
60957737
60962332
6097109
60987977
60995596
61028917
61034565
61038739
61048004
61061469
61062450
61107045
61119877
6112113
61134302
61136520
61136699
61150788
61152630
61160942
61168
61179327
61181574
61184967
61206602
6122619
61246666
61254078
61262074
61263610
61270122
61286747
61332869
61334074
61340265
61363397
61371796
61382316
61414783
61438158
61447935
61450887
61454205
61454504
61518152
61519114
61520376
61524802
61531068
61531163
61548569
61582849
61597617
61617820
6162328
61627214
61680625
61731325
61732051
61737570
61776304
61779211
61803293
61810993
61832555
61836835
61840500
61840976
61849905
6185058
61859408
61861941
61866771
61871152
61875003
61924014
6193425
61942084
6194289
61950050
61950628
61954771
61955690
61973656
61985804
61998067
62015223
62022000
62048826
62054015
62059103
62144207
62144462
6215320
62153331
62165273
62181879
62187608
62193211
62214965
62239058
6224347
62245296
62277862
62286092
62290396
62305723
62326016
62336318
6235857
62364487
62365468
62370992
62382018
62405762
62411687
6241617
62419892
6242446
62436178
62445192
62477900
62491723
62494076
62497538
62500763
62507458
62510288
6252398
62533830
62549252
62565718
62566363
6257162
62577506
62584124
62593471
62613690
62623553
62640452
62651169
62698131
62715747
62723404
62727186
627349
62740083
62742815
62744953
62745757
62772711
62800458
62833605
62855978
62861514
62881230
628916
62909863
62942804
62954427
62999613
63022538
63051398
6307606
63083532
63105422
63106567
63109080
63115068
63116645
63144168
63196351
63228700
63246489
63249394
63297815
63312563
63340633
63352497
6338284
63404948
63409331
63421528
63449126
63479831
63495201
6352387
63527501
63538585
63545907
63556787
63564842
63580104
63582274
63624826
63631750
63640171
63643294
63652221
63666377
63669820
63685787
63693522
63697884
63703703
63712853
63723740
63751497
6378117
63801698
63853385
63863256
63865838
63869010
63875626
63912252
63933950
63944386
63953333
6396227
6396896
6398552
6399863
63999799
64019247
64049642
64050091
64053955
64060923
64073282
64079770
64087996
64089824
64106527
64115183
64139754
64141038
64144827
64158384
6416604
64180394
64180936
64182182
64190622
64194491
6420343
64204275
64233626
64244429
64250909
64265804
64296382
64301149
64301405
6430954
64333354
64338314
64342546
643640
64387313
64409180
64418285
64425233
64429639
64464214
64472948
64482252
64496244
64497148
64501310
64511466
64519524
64547732
64557721
64563806
64570072
64587388
64604595
64609085
6461380
64675842
6469819
64701188
64712283
64731721
64749127
64749469
6479495
64825245
64864538
649054
64912536
64928130
64941388
64942113
64947957
64951753
64966045
65019624
65029092
65068308
65078859
65080988
65085308
65087966
65091539
65103300
65112175
65160969
65174414
65178767
6518269
65184262
65185404
65196734
651992
65210541
65212247
65213986
65215006
65221359
65227955
65234210
65271788
65288762
65318799
65327146
65335441
65340007
65340951
6534931
65350472
65393458
65420018
65420807
65427975
65430299
6544602
65455483
65493160
65494441
65507981
65518459
65541703
6554968
6557135
65599804
65611624
65612930
65625633
65646895
65652319
65663678
65664174
6567801
65779437
65800700
65801616
65803545
65830327
65834424
65851171
65863903
65871116
65877984
65885234
6590050
65904810
65910194
65916987
6592065
65934945
65953023
65964178
65964413
6597815
66013505
66015019
66015216
66052986
66093959
66108640
66134641
66166247
66179672
66201749
66201870
6620781
66247052
66258086
66259825
66260131
66264769
66265530
66285477
6629168
66295737
66298563
66299039
66302495
66310393
66321449
66322454
66339151
6634422
66347707
66369549
66370086
66393587
66412383
66420329
66421472
66502949
66518690
66520125
66535482
66540883
66546927
6657315
66581357
66584046
6658929
6660542
66610259
66625323
66646269
66660021
666694
66721209
66726739
66752695
66755454
66758277
66772845
6678952
66805194
6681157
66835786
66836832
66864491
66872523
66873092
66874227
66896733
66899098
6690349
66922466
66937233
66954651
6696585
6696781
66976876
66983676
6698727
67008653
67037465
67041167
67084664
67090499
67116031
67117403
67120134
67148812
67162826
67163644
67169502
67170712
67201892
67205339
67208864
67217136
67234945
67236885
67242532
6725243
67275977
67278217
67318647
67323837
67334365
6734016
67351789
67370035
67380310
67409406
67431810
67469321
6754668
67609377
67611131
6761887
67620685
67646195
67665242
67665812
67701883
67708011
67716906
67724206
67728629
67736383
67738542
67807564
6781051
67833255
67836003
67856822
67865222
67878902
67912744
67915350
67938240
67939043
679422
6794243
67952919
67955998
67972803
67993088
67999973
68014630
68023187
68027689
68028423
68040513
68047907
68066486
68074055
68080371
68089629
68113752
68140506
68140975
68155005
68183978
68184858
68195140
68196262
68198511
68198575
68209642
68218327
68243141
6827397
68283948
68284675
68286406
68317553
68324780
68341215
68342216
68352416
6835466
68368944
68370722
68375070
68411170
68413004
68431835
6843786
6846140
68462252
68479212
68491491
68513726
68513859
68514022
68517256
68519803
68529182
68587289
68593644
68606919
6861691
68627095
6862994
68632763
68645886
68654727
68656573
68658212
68661524
68661989
6866692
68672928
6867597
68677259
68695596
68701099
68731493
68752329
68760431
68763635
68774706
68781596
68787352
68795151
68807063
68810875
68816517
6882134
68845467
68855010
68885498
68896342
68898846
68910801
68918980
68919052
68943297
68946975
68963870
6897750
68981931
68985908
68991467
69018740
69042836
69051488
69070936
69097019
6910165
69103074
69113799
691173
69135772
69151720
69158508
69195987
69225997
69238488
69240146
6924144
69246113
69255224
69281815
69288209
69305224
69309915
69309944
6933286
69344847
69345991
69348762
69354039
69387053
69419619
69423169
69439146
69492604
69493193
69499483
69536379
69545007
69550262
69576159
69584099
69588442
69593294
69594820
69611399
6962634
69636615
69643847
69650061
69667551
69673512
69723528
69725399
69738612
69741180
69754786
69760730
69784592
6979767
69799403
69814478
69823568
69855008
69857444
698659
69871078
69873186
69876728
69897311
69914040
69918931
699191
6992739
69930269
69938358
69953654
69954393
69963835
69992291
69994159
69995353
6999610
69997064
69998672
70010823
70018248
70027159
70042204
70049770
70072485
70077767
70107226
70124937
70144446
70163788
70186590
70194458
7019689
70220697
70231142
70248359
70270079
70285486
7029695
7030290
70308129
70308726
70318676
70351058
70356967
70378443
70396834
70401542
70411053
70412049
70423379
70428849
70450500
70477165
70492282
70500246
70515163
70519005
70529084
7053689
70537406
70549753
70570211
7057270
70597643
70602816
70613481
70634382
70648855
70667694
70680961
7069747
70710134
7071315
70783003
70819814
70829107
70849782
70892487
71022760
71036393
71036667
71041123
71073370
71078554
71084312
71085945
71091987
71104421
71107115
71116726
71124457
7113713
71147526
71152040
71154103
71159805
71167358
71190731
71193336
71194587
71268319
71276064
71279285
71284684
71306110
71306696
71344020
71354365
71356827
71370759
7138427
71423379
71437303
71490724
7150318
71517427
71524878
71543854
71548582
71581288
71588286
71601353
71608151
71611905
71613487
71618587
71619728
71623529
71625393
71627554
71635822
71636918
71659448
7166003
71679761
71681758
71738077
71741339
7176156
71806663
71827323
71858251
71863554
71884482
71884708
71902003
71910013
71911264
7191364
7192667
71949443
71952221
7195531
71963285
71999129
72055847
72067111
72069485
72071233
72081464
72085229
72088706
72103375
72134145
72143157
72194563
72200200
72225030
72228965
72229479
72239230
72249339
7225206
72276740
72313597
7231382
72325542
7232574
72327330
72333767
72350216
72375961
72385171
72385442
72392234
72395472
72399721
72419526
72431214
72458781
72460093
72485275
72494845
72498476
72501395
72521730
72540615
72546528
72569694
72573174
72595347
72597136
72614595
72640602
72642726
72646443
72663653
72666008
72685160
72687663
72689411
7269946
72724426
72724722
72732437
72737478
72742548
72802416
72802893
72809524
72809892
7283064
72834349
72836330
72840840
7284119
72841750
72865482
72873434
72874770
72874817
72878169
72897540
72916232
72920921
72930662
72940394
72956422
72963156
72966398
7296920
72983130
73007312
73024300
73053288
73059824
73098659
73103488
73104480
73117272
7312643
73161055
7316598
73172497
73174450
73193816
73197333
7320228
73223346
73233910
73244758
73249495
7324990
73250938
73255004
73264728
73277661
73292863
73305302
73306612
73331581
73334871
7335217
73362660
73372782
7338868
73415930
73427429
7342914
73433921
73448027
73462522
73467713
7348555
73488119
73490341
73502757
73529547
73539444
73545232
73554726
73570970
73597094
73640952
736640
73664736
73697017
73699661
73726089
73727201
73737167
73740973
73758350
73758812
73767730
73780361
73784219
7378675
73788895
73791142
73822392
73828671
73840745
73840829
73850844
73858
73882215
73899922
7390410
73934820
73944342
73951228
739573
73993569
74016810
74022105
74057376
74074599
74088786
74090087
74094443
7410322
74120477
74135971
74154402
74158682
74162246
74189390
7419355
74209248
74209995
74211088
74221711
7423816
74261240
74261788
74263726
7427654
74286792
74303708
74309234
74317050
74318132
7432045
74328646
74340565
74346830
74356194
74363548
74371485
74378353
74392465
74399918
74412246
74435353
7444379
74445562
74455163
74470519
74475638
74498331
74514093
74520930
74524670
74529782
74541990
74542531
74553691
74564891
74582306
74597638
74602483
74623900
74628360
74664651
74703764
74710317
74712897
74743129
74760356
74789061
74793862
748014
74816258
74826562
74839531
74845622
74847706
74851525
74871408
74892642
74898137
74902831
74904730
74909565
74927547
7494627
74953244
74956614
74970566
74986748
74990234
74994281
7500925
7501383
75023723
75054426
75058330
75074505
75129413
75134869
75135449
75182382
75232063
75235204
75268661
75272212
75275537
75280677
75291561
75308425
75318830
75324564
75363385
75384891
75392617
75443727
7546392
75467513
75489895
75502213
75505915
75535339
75536562
75553110
75575333
75576517
75578463
75583025
75607264
75648334
75651481
75656155
75675413
75695028
75708099
75714301
7572099
75740482
75764436
75764489
75793556
75808886
75810643
75816106
75824701
75837900
75854560
75867540
75883654
75885037
75933011
75985892
75992430
76006957
76048990
76081459
76096192
76097773
76099041
76102785
76109602
76113934
76120004
76123992
76130800
76136427
76136927
76150079
76152573
7615259
76190450
76206744
76214743
76236587
7623829
76240558
7627409
76282478
7629413
76295896
76303096
76327598
76349919
76357330
76360564
76363598
76372191
76389315
76395928
76403076
76408520
76409653
76413893
76417703
76419160
76435150
76435949
76456939
76466112
76473386
76475208
76477693
76480154
76498780
76515317
76532351
76548540
76569875
76581695
7658518
76602811
76608886
76609587
76614706
7662848
76643942
76662157
76678507
7668271
76712733
76721712
7672365
7676252
76797721
76798252
76798383
76801906
76824004
76825664
76841032
7686058
76874961
76918147
76928929
76936758
76945122
76945203
7696156
76965928
76986088
76988941
76997894
77016033
77028595
77048296
77053167
77070871
77078181
77099628
77139479
7715572
77156018
771719
77181643
77187176
77195854
7721554
77223060
77229449
77253471
77260083
77262460
77277952
77284635
77286706
77313541
77319007
77335383
77364367
77374121
77377613
77381364
77386010
77393138
77399157
77405131
77431901
77452190
77452875
77455519
77465332
77483187
77483762
77486638
77504559
77505473
77508314
77541104
77560967
77562861
77564507
77569855
77609239
77615052
77622415
77631961
77646326
77646698
77654027
77659321
77672823
77677567
77680469
77687300
77688693
77766892
77796598
77802915
77854094
77861025
77891491
77896444
77918889
77929949
77934101
77935067
77954067
77981288
78000878
78018680
78027293
78048479
7805089
78056941
78064614
78064816
78109343
78109345
7813945
7815258
78161252
78172449
78179705
7821057
78211051
78218275
78231262
78246027
78247531
78256365
78257174
78263947
78272398
78275733
78279188
78324436
78328095
78365354
78376262
78391933
78398626
7841126
7842388
78436160
78442810
78490633
78500032
78507048
78526890
78569800
7857305
78587770
78598750
78622535
78626574
78655643
78686517
78735780
78758303
78772991
78789513
78820927
7882176
78836388
78895114
78915466
78920609
78922712
78939371
78940590
78948943
78964654
78981800
78989068
78992719
78994353
79046175
79087195
79093481
79123404
79143133
79184188
79239342
79254037
79268065
79276240
79278631
79317823
79332658
79363975
79370922
79380698
79386502
79395550
79397371
79401882
79408517
79412615
79427681
79444585
79446758
7944698
79511070
7952296
7953262
79561691
79595685
79596701
79633830
7963964
79640670
79650152
79706511
79707989
79711760
79715561
79718937
79729184
79750986
79756947
79797581
79821777
7983077
79856621
79868555
79873096
79906643
79913871
79919662
79922821
79940309
79947161
79976499
79992738
80023973
80026519
80030948
80055582
80108328
80114491
80125554
80154957
80157281
80159876
80160053
80160748
80179233
80182755
80190414
80212287
8025727
80304894
80324141
8033491
80358420
8036273
80374925
80376775
80377832
80383700
80389559
8040091
80439170
80441054
80458455
80468761
80470667
80485189
80489520
80504492
80514853
805176
80522255
80560285
80568764
8057587
80583387
80606704
80615458
806158
80632474
80635709
80652755
80653155
80659534
8066606
80680135
80681265
80727812
80759955
80769894
80771636
807799
80802991
80805550
8081753
80819373
80829800
80861721
80886503
80892984
80893734
80903343
80943561
80965407
80984452
80998112
81014115
81033854
81034501
8105057
81067736
81070130
81083913
81099003
81111086
81135167
81142517
81150551
81151249
81176106
81180137
81209558
81215829
81221270
81246263
81270790
81273916
81277846
81306581
81319256
81329164
81336794
81343616
81355882
813598
81369260
81389039
81397085
81409690
81415350
8143723
81450166
81450555
814675
81469622
81473753
81488185
81500436
81514650
81515255
81523664
81525436
81526127
81568064
81569286
81572955
81614281
81642985
81706450
81710291
81746762
81748169
81770873
81776815
8179282
81798871
81805172
81810569
8181199
81814934
8182708
81828767
81842146
81849930
81888844
81890271
81892524
81904701
81914689
81924521
81929446
81929696
81949895
81962720
81967588
81969298
81997056
82009033
82010047
82035607
82080230
82092609
82092733
82094172
82102283
82103242
82111488
82115619
8212246
82135165
82162375
82162848
82176030
82196454
82198454
8221196
82216798
82227997
82228572
82241029
8224865
82255365
82256423
8225919
82304530
82309815
82345551
82357235
82378875
82411784
82413658
82416448
82423745
82468751
8246946
82478380
82483083
82492837
82515153
82531656
82531954
82543781
82561409
82565848
82595029
82619526
82626397
82644746
82674597
82677058
82705236
82706386
82709223
82714464
82718372
82719928
82728623
82733729
82734890
82742259
82748143
8275394
82773347
8277339
82788643
8280019
82804754
82816917
82824253
82826846
828416
82848687
82860078
82865098
8287368
82874137
82878305
82884108
82886420
82898642
82920525
829373
82948136
8295542
82962042
82974260
83012026
83018018
83052376
83094299
83121238
83146472
83156622
83163209
83173347
83202265
8322595
83226959
83249566
83255556
83256271
83257584
83284013
83299768
83300604
83313891
8332721
83346092
83367118
83367628
83399121
83411510
83418629
83428925
83435952
83440180
83477556
83483121
8348354
83500758
83506787
83540417
83584406
83589880
83592124
83600444
83602812
83612546
83621454
83635059
83654474
83675321
83683277
83684528
83703543
8370928
83752120
83752696
83760095
83763318
83767777
83772729
83773318
83790946
83801469
83844936
83867427
83883018
83893051
83897028
83924987
83925852
83949617
83953028
83956310
83987722
84001614
84005408
84011193
84012516
84022137
84031225
84032741
84051224
84061592
84066348
84095777
84110753
8411478
84123477
84144527
8414510
84155111
84186023
84190828
84193620
84242683
84248215
84270583
8429025
84298500
84336744
84365253
84368466
84371558
84418566
84420056
84420232
8442041
84427683
84434154
84445939
84477254
84478138
8447815
84483427
84488670
84491909
84493452
8449934
84502169
84502333
84515674
84536063
84536947
84538786
84544654
84547687
84548184
84549991
84554441
84580258
84580693
84608322
84610959
84615725
84626488
84647259
84658253
846647
84666988
84675350
84681925
84713999
84716964
8473096
84734741
847362
84736843
84752658
84760261
84775451
84783867
84789960
84824562
84833646
84849812
84865369
84865680
84872773
84876648
84877567
84879940
84904440
84913654
84934689
84977142
84988197
85007598
85018675
85042335
85067839
85072760
85085012
85098361
85098443
85102764
85116925
85127642
85134448
85164861
85169591
8517429
85183437
85209339
85215482
85235720
85236933
85265002
85274495
85275011
85275805
85291265
85305086
85322350
85330726
85351974
85363944
85367623
85374735
85375726
85381452
8538174
85382416
85390900
85393494
85400670
85402500
85429143
85485962
85489311
85525551
85528205
8557866
85582537
85589229
85590667
85605647
85612814
85615960
85616409
8562010
85623882
85639324
85655387
85656731
85671542
85681532
85681627
85697381
85704077
85717637
85733822
85740035
85741579
8574707
85753848
85755042
85758206
85762170
85782573
85784910
85785429
85794200
85812156
85816263
8581700
85829920
85832076
8583317
85886160
85887889
85894090
85897088
85901503
85901586
85911844
85919704
85922803
85932424
85935756
85939693
85954497
85980172
8598345
85989785
86009190
86027563
8603119
86033500
86056995
86058116
86071827
86077345
86116473
86117457
86121663
86164487
86174
86176645
86177928
86193648
86198775
86236991
86241219
86289842
86291607
86295623
86317377
86345448
86347479
86347757
86385789
86386013
8642979
86431623
86476720
86494239
86499657
8650535
86507870
86520500
86528162
86532771
865428
86543879
86559682
86563805
86564746
86616657
86626211
86627669
86632763
86633074
866393
8664835
86659938
86682082
86691882
86699139
86711318
86723304
86735546
8673852
86779833
86801976
8680886
86808910
86830493
86860857
86868724
86877587
8688508
86889967
86899027
86907014
86923777
86925644
86927679
86947766
86958151
86976144
86993985
87015324
87056156
87056813
87083920
87088035
87105992
87107968
87129314
87131842
87150607
87153696
87161319
8716998
87186503
87196325
87196401
87211285
87219119
87238055
87259124
87259267
87269348
87276218
87281516
87349767
8735862
87371779
87375362
87383843
87384297
87418451
87424960
87443912
87452250
87464807
87468263
87470884
87474547
87477352
87480402
87487564
87492408
87527373
87535498
87552336
87554469
8756709
87567216
87588454
87599806
8760120
87612342
87617928
87623885
876320
87653956
876631
87665729
87688755
87692720
87694042
87698611
87721273
87722797
87739488
87746553
87756612
87763849
87780704
87784166
8779015
87806157
87810767
87816316
87823047
87837648
87840590
87847652
87855267
87862660
8787788
87879859
87899471
87903675
87904187
87942879
87962860
87975311
87985184
88017169
88019911
88033835
88037774
8803847
88074814
88074962
88101910
88110785
88123029
88137020
88148961
88149331
88158177
88160551
88164394
88164548
88164862
88203268
88216437
88231861
88250977
88254061
88257423
88260072
88287026
88296368
8832019
88332423
88342367
8835073
88359210
88366771
88384654
88390200
88403538
88412028
88428110
88439967
88442067
88449184
88481472
88481876
88484250
88493765
88538921
88544112
88569994
88582962
88583894
88605554
88612821
88619867
88620925
88644182
88667400
88679768
88681894
88738775
88745149
88764337
88821605
88836719
88837385
88847619
88860794
88879877
88914248
88935209
88955119
88959033
88964142
88965791
88967217
88967913
88968610
88980512
88988555
88999753
89003687
89025717
89039672
89040341
89043308
89046671
8905056
89056634
89072208
89076387
89090445
89109447
89137152
89162423
89168075
89172693
89186645
89194995
89205429
89225855
89233383
89280541
89284435
89297848
89300496
89304414
89315288
89333606
893399
8934646
89362349
89383339
89389805
89394332
89395586
89398068
89416397
89418741
89453373
89486777
89488053
89497773
89501391
89505491
89513630
89543267
89587556
89587988
89606580
89634823
89643940
89662943
89668709
8966891
89719120
89737408
89747391
89749604
89755243
89769768
89770064
89772683
89792074
89803380
89817683
89819186
89826487
89831528
8985428
89862209
89867650
8988329
89885556
8989578
89897300
899031
89903781
89908518
89912374
90008172
90015699
90022703
90035738
90081052
90083915
90091673
90093972
90094566
90108982
90110473
90113730
90116353
90130475
90134919
90135444
90147412
90155576
90163649
90175461
90232426
90254543
90280208
90285596
90315636
90324696
90335230
90342802
90381427
90394581
90401388
90402638
90408008
90426371
90451770
90455437
90458577
90459356
90469270
90472432
90481932
90482060
90505829
90540437
90552377
90563664
90572935
90579934
90620114
90621059
90627288
90627536
90644173
90652115
90670839
90688627
90746875
907488
90759931
90770539
90779806
90782781
90785350
90795949
90806967
90808140
90820786
90823472
90841413
90851264
90854936
90867808
90868699
90887511
90893900
90909280
90954039
90958542
91001140
91002033
91020497
91063218
91089396
9109626
9110861
91113950
91127849
91146006
91156191
91177870
91204790
91223012
91241437
91293428
91296173
91304394
91309794
91311993
91336045
91338720
91351013
91360836
91362820
91388134
91388547
91401521
91405703
91417419
91450392
91451963
91466908
91467553
91475997
91488626
91497151
91506154
91518799
91525598
91529255
91542335
91542984
91593704
91603409
91614178
91617266
91635504
91664009
91686454
91692671
9171866
91748088
91756742
91774138
91775158
91805048
91828981
91837539
91852772
91856848
9187053
91898915
91915921
91932335
91961766
91986591
91992860
92014282
92028246
92034403
9204217
92076034
92092605
92129428
92218067
92266011
92289188
92297176
92304561
92307831
92316150
92323562
92332181
92342149
92377110
9238104
92385303
92407592
92441599
92455571
92456812
92468821
92471565
9249489
92500742
92511845
92518643
92521112
92543332
92593147
92593215
92596311
92603472
92616400
92624626
92641102
92645086
92652832
92669887
92675553
92680330
9268414
92684627
92688126
92706691
9272291
9274345
92748027
92748719
92760184
92773427
92780637
92784151
92790292
92801680
92802162
92822745
92843063
92870574
92871454
92873611
92882903
92926865
92939147
9294629
92960199
92961613
92964519
92979441
92979905
92985250
92993610
92998119
92998417
92998614
93029303
93043068
93053437
93082804
93101761
93118741
93130238
93138428
93152545
93177484
93182231
93183576
93200747
93212193
93212998
93252787
93265903
93270642
93310271
93320822
93325108
93350263
93353661
93355152
93372663
93375240
93398793
93403989
9343178
93432337
93447066
93460087
93464833
93470048
93485043
93488442
93490354
93502332
93507114
93509184
93530522
93546165
93563618
93571378
9359171
93592639
93618357
93651900
93664111
93680924
93691727
93730295
93756432
93765006
93781445
93782685
93820663
93823540
9383251
93880023
93883985
93913492
939299
93945234
93945905
93949903
93961511
93974108
93986435
93993216
94047794
94066042
940671
94068081
9407139
94076145
94083550
94101029
94103350
94111625
94116111
94144340
94145179
94150471
94159832
94165340
94173761
94195097
94200196
9421112
94214912
94220882
94229057
94234508
9424202
94244962
94246382
94256851
94306699
94316158
9431880
94335550
94347670
9437355
94376746
94389805
94394468
94400339
94446467
94455644
94512933
94524054
94536232
94544144
94561358
94563973
9456851
94569666
94602958
94616427
94621295
94625250
94628165
94634280
94635413
94653084
946815
94691933
94715497
94724265
94751176
94758835
94766869
94770747
94779338
94809332
94819100
94825791
94828149
94832770
94896879
94935888
94945054
94951729
94975301
949924
95016203
95024669
95034768
9506719
95079262
950795
95102401
95103333
95105987
95123293
95133524
95134044
95171083
95185553
95188093
9519889
95203830
95215342
95218431
95231225
95233036
95234057
95243829
95244312
9525174
95280402
95284449
95284904
95291000
95304670
95307759
95321594
95327292
95335060
95335821
95336587
95391913
95394154
95398123
95402018
95411085
95460368
95482704
95484521
95487789
9549237
95492699
95507515
9550867
95511335
95532025
95533704
95540279
95554894
95574197
95582490
95591350
95593269
95615465
95648313
95663386
95676946
95682482
95685017
95699045
95705039
95734270
95751943
95755843
95756391
95757940
95766778
95827347
95831069
95831622
95839737
95852908
95868729
95872965
95904003
95906712
9591617
95917845
95920514
95932983
95934502
9596497
95975835
95987493
95990979
95993830
96013870
96021761
96022445
9603628
96063534
9608283
96083423
96084136
96089426
96113054
96178236
96189202
96205707
96230114
96253403
96263195
96267036
9627153
96276586
96293906
96294796
96296702
96306125
96320699
96333243
96349609
96363456
96364205
9636845
96377576
96382230
96384649
96389297
96394822
96412372
96454580
96484576
96497575
96499969
96503383
96523839
9655581
96561156
96577597
96578339
96586223
96598209
96629143
96639383
96641995
96642918
96672008
96675837
96700750
9670219
96715930
96722216
96728721
96737795
96746531
96759528
96778352
96786471
96788069
96809136
96820845
9683018
96833114
96833374
96851252
9687095
96877885
96882763
96888422
96890729
96908164
96912241
9691438
96914487
96919921
96927552
9693334
96934202
96952258
96954718
96959735
96979075
96993474
97009883
97014003
97041622
97070373
97094915
9709807
9711778
97126409
97144998
97174219
97175941
97195267
97200679
97243869
97265297
97272553
97276187
97281252
97290097
97295603
97322254
97324742
97329466
97346985
97347111
97371661
97378097
97391321
97397604
97438711
97444168
97450985
97481341
97485548
9748855
97496187
97500134
97507318
97558969
97581512
97587464
97620119
97636554
97641695
97642222
97670409
97697782
97719511
97737338
97772305
97778125
97789003
97811342
97829437
97861587
97862797
97866783
97873830
97886398
9791500
97924571
97924986
97932183
97933954
98002604
98006050
98016030
98036210
9804081
98051914
98057100
98062481
98080912
9808760
98087646
98119124
98121857
98147182
98158859
98167934
98178968
98186890
98260519
98265779
98270227
98292967
98295322
98307595
98330735
98346688
98353502
98358940
98367049
98377685
98392978
98418624
98430801
98438834
98491733
98530100
98548707
98580767
98588296
98599208
98609058
98623730
98626231
98628646
98638050
98644761
98670387
98679497
9869116
98691877
98692568
98707773
98723285
98734198
98744542
98747755
98788367
98796888
988074
98808565
98817070
98841176
98865756
98876203
98887618
98894426
98913900
9892292
98946475
98954207
98965052
98970023
99000518
99030368
99040728
99092352
99093727
9909811
991004
99101331
99136326
99137411
9916865
99187876
99190879
99218322
99220736
99221990
9922403
99224658
99237218
99251649
99277580
99306028
99309786
99316679
99317988
99322330
9934547
99353220
99360524
993667
9937452
99378907
99383633
99411301
99421976
99424857
99460580
99462025
99463552
99472230
99483054
99498597
99503374
99512554
99538210
99548802
99569339
9957137
9957695
99600011
99608737
99635438
99652355
996670
99680770
99693145
99712177
99751566
99759576
99768410
99775654
99778749
99779405
99781237
99820815
99834781
99849460
99850835
99861945
99868558
99876246
99903128
99910813
99936097
99937280
99984389
